0.0;0.32999999999999996;0.5409999999999999;0.45099999999999996;0.46499999999999997;0.38;0.44399999999999995;0.42500000000000004;0.36;0.725;0.365;0.46299999999999997;0.399;0.5529999999999999;0.347;0.41600000000000004;0.46599999999999997;0.5860000000000001;0.569;0.5389999999999999;0.722;0.641;0.725;0.7050000000000001;0.6990000000000001;0.44899999999999995;0.46099999999999997;0.738;0.371;0.39;0.728;0.6739999999999999;0.626;0.593;0.723;0.43899999999999995;0.38;0.369;0.381;0.399;0.5700000000000001;0.43100000000000005;0.5760000000000001;0.563;0.44699999999999995;0.498;0.393;0.569;0.589;0.43700000000000006;0.46399999999999997;0.389;0.626;0.368;0.43400000000000005;0.498;0.42700000000000005;0.38;0.375;0.30600000000000005;0.706;0.7;0.43000000000000005;0.7090000000000001;0.389;0.359;0.43700000000000006;0.556;0.28300000000000003;0.354;0.399;0.548;0.373;0.354;0.5880000000000001;0.42800000000000005;0.481;0.392;0.542;0.362;0.733;0.43700000000000006;0.69;0.394;0.521;0.5900000000000001;0.494
0.32999999999999996;0.0;0.598;0.406;0.41700000000000004;0.31899999999999995;0.359;0.405;0.30500000000000005;0.627;0.32899999999999996;0.45799999999999996;0.42700000000000005;0.45899999999999996;0.405;0.31399999999999995;0.385;0.45099999999999996;0.496;0.488;0.5780000000000001;0.5469999999999999;0.5920000000000001;0.606;0.598;0.41000000000000003;0.403;0.607;0.43500000000000005;0.368;0.493;0.45699999999999996;0.397;0.521;0.5860000000000001;0.40800000000000003;0.33699999999999997;0.36;0.381;0.265;0.515;0.31799999999999995;0.46599999999999997;0.494;0.389;0.46799999999999997;0.34099999999999997;0.488;0.513;0.386;0.42700000000000005;0.385;0.5489999999999999;0.31999999999999995;0.31499999999999995;0.31999999999999995;0.381;0.32199999999999995;0.381;0.19599999999999995;0.636;0.631;0.394;0.5640000000000001;0.368;0.486;0.35;0.493;0.277;0.31599999999999995;0.29700000000000004;0.41400000000000003;0.31799999999999995;0.31899999999999995;0.512;0.42900000000000005;0.5409999999999999;0.36;0.5349999999999999;0.33399999999999996;0.61;0.38;0.626;0.392;0.369;0.504;0.32999999999999996
0.5409999999999999;0.598;0.0;0.634;0.647;0.594;0.625;0.603;0.48;0.8280000000000001;0.385;0.383;0.45199999999999996;0.741;0.5509999999999999;0.581;0.622;0.651;0.729;0.762;0.869;0.765;0.852;0.849;0.827;0.5549999999999999;0.635;0.852;0.49;0.492;0.867;0.863;0.876;0.723;0.787;0.646;0.581;0.6679999999999999;0.5840000000000001;0.657;0.758;0.546;0.766;0.744;0.581;0.61;0.591;0.727;0.747;0.6719999999999999;0.618;0.347;0.765;0.608;0.608;0.702;0.617;0.5820000000000001;0.602;0.5509999999999999;0.84;0.847;0.657;0.844;0.599;0.596;0.613;0.767;0.493;0.603;0.581;0.738;0.5820000000000001;0.596;0.718;0.608;0.55;0.583;0.757;0.591;0.893;0.604;0.875;0.613;0.754;0.748;0.681
0.45099999999999996;0.406;0.634;0.0;0.476;0.42300000000000004;0.41800000000000004;0.506;0.4;0.628;0.44099999999999995;0.5529999999999999;0.43600000000000005;0.42900000000000005;0.45199999999999996;0.4;0.41000000000000003;0.44799999999999995;0.483;0.5720000000000001;0.606;0.5509999999999999;0.625;0.617;0.613;0.42400000000000004;0.42500000000000004;0.599;0.44999999999999996;0.44199999999999995;0.531;0.5529999999999999;0.41200000000000003;0.43500000000000005;0.61;0.471;0.42900000000000005;0.40700000000000003;0.403;0.40700000000000003;0.503;0.40800000000000003;0.5349999999999999;0.502;0.45299999999999996;0.49;0.44499999999999995;0.506;0.505;0.41200000000000003;0.40700000000000003;0.396;0.55;0.41900000000000004;0.44999999999999996;0.41600000000000004;0.40800000000000003;0.403;0.41300000000000003;0.31599999999999995;0.593;0.6579999999999999;0.41200000000000003;0.581;0.43899999999999995;0.525;0.42600000000000005;0.52;0.384;0.469;0.347;0.506;0.388;0.396;0.498;0.42500000000000004;0.479;0.41400000000000003;0.498;0.376;0.645;0.45999999999999996;0.64;0.40800000000000003;0.52;0.529;0.384
0.46499999999999997;0.41700000000000004;0.647;0.476;0.0;0.42000000000000004;0.481;0.493;0.393;0.6719999999999999;0.44099999999999995;0.506;0.43000000000000005;0.5589999999999999;0.471;0.44899999999999995;0.502;0.502;0.5589999999999999;0.542;0.5920000000000001;0.542;0.652;0.636;0.6659999999999999;0.403;0.502;0.652;0.504;0.469;0.5920000000000001;0.625;0.42700000000000005;0.5760000000000001;0.65;0.41500000000000004;0.41400000000000003;0.45199999999999996;0.383;0.493;0.521;0.402;0.5389999999999999;0.5660000000000001;0.268;0.46599999999999997;0.41600000000000004;0.53;0.5680000000000001;0.46199999999999997;0.491;0.402;0.499;0.44099999999999995;0.399;0.45599999999999996;0.42900000000000005;0.405;0.42200000000000004;0.44199999999999995;0.585;0.655;0.41300000000000003;0.628;0.45199999999999996;0.498;0.45199999999999996;0.5409999999999999;0.391;0.41600000000000004;0.44799999999999995;0.5720000000000001;0.397;0.42200000000000004;0.45799999999999996;0.502;0.5800000000000001;0.41600000000000004;0.571;0.45099999999999996;0.649;0.38;0.6699999999999999;0.41400000000000003;0.601;0.556;0.44399999999999995
0.38;0.31899999999999995;0.594;0.42300000000000004;0.42000000000000004;0.0;0.45099999999999996;0.41400000000000003;0.34299999999999997;0.625;0.39;0.472;0.42400000000000004;0.477;0.384;0.33099999999999996;0.41600000000000004;0.45199999999999996;0.44899999999999995;0.485;0.522;0.5549999999999999;0.554;0.605;0.601;0.403;0.274;0.599;0.43400000000000005;0.367;0.43400000000000005;0.531;0.42800000000000005;0.45999999999999996;0.608;0.4;0.356;0.377;0.383;0.386;0.505;0.33899999999999997;0.531;0.518;0.43700000000000006;0.45499999999999996;0.381;0.46599999999999997;0.51;0.402;0.41500000000000004;0.399;0.5609999999999999;0.344;0.365;0.344;0.391;0.33699999999999997;0.41000000000000003;0.271;0.591;0.652;0.405;0.5800000000000001;0.43100000000000005;0.473;0.32299999999999995;0.5349999999999999;0.353;0.255;0.364;0.522;0.31999999999999995;0.348;0.501;0.43600000000000005;0.5389999999999999;0.34199999999999997;0.486;0.348;0.643;0.43000000000000005;0.657;0.396;0.515;0.46799999999999997;0.36
0.44399999999999995;0.359;0.625;0.41800000000000004;0.481;0.45099999999999996;0.0;0.45099999999999996;0.43200000000000005;0.6639999999999999;0.37;0.5589999999999999;0.44799999999999995;0.527;0.44099999999999995;0.388;0.42200000000000004;0.45899999999999996;0.554;0.526;0.536;0.6;0.603;0.626;0.645;0.45799999999999996;0.396;0.616;0.515;0.477;0.5700000000000001;0.469;0.41500000000000004;0.518;0.646;0.45199999999999996;0.41100000000000003;0.474;0.45499999999999996;0.32899999999999996;0.505;0.44999999999999996;0.501;0.53;0.42000000000000004;0.471;0.43400000000000005;0.492;0.523;0.45399999999999996;0.46599999999999997;0.45199999999999996;0.558;0.471;0.44399999999999995;0.42200000000000004;0.45599999999999996;0.41000000000000003;0.40900000000000003;0.252;0.599;0.647;0.481;0.642;0.45299999999999996;0.509;0.45899999999999996;0.476;0.32699999999999996;0.44299999999999995;0.44299999999999995;0.499;0.41300000000000003;0.40900000000000003;0.515;0.42600000000000005;0.5329999999999999;0.43899999999999995;0.542;0.46499999999999997;0.605;0.46599999999999997;0.648;0.42500000000000004;0.46199999999999997;0.512;0.43000000000000005
0.42500000000000004;0.405;0.603;0.506;0.493;0.41400000000000003;0.45099999999999996;0.0;0.366;0.6659999999999999;0.405;0.525;0.372;0.536;0.347;0.402;0.43200000000000005;0.49;0.538;0.5609999999999999;0.719;0.5740000000000001;0.647;0.6579999999999999;0.6619999999999999;0.42500000000000004;0.482;0.6779999999999999;0.481;0.391;0.628;0.7;0.619;0.5740000000000001;0.673;0.43999999999999995;0.41900000000000004;0.41500000000000004;0.43000000000000005;0.47;0.571;0.396;0.577;0.565;0.47;0.41200000000000003;0.46099999999999997;0.526;0.548;0.44199999999999995;0.44799999999999995;0.43200000000000005;0.548;0.392;0.42900000000000005;0.45899999999999996;0.4;0.43300000000000005;0.43700000000000006;0.29600000000000004;0.64;0.657;0.43999999999999995;0.644;0.395;0.42900000000000005;0.43700000000000006;0.524;0.375;0.405;0.393;0.45899999999999996;0.41100000000000003;0.40700000000000003;0.563;0.49;0.475;0.46099999999999997;0.497;0.41900000000000004;0.7030000000000001;0.44999999999999996;0.641;0.44099999999999995;0.5369999999999999;0.5700000000000001;0.48
0.36;0.30500000000000005;0.48;0.4;0.393;0.34299999999999997;0.43200000000000005;0.366;0.0;0.7150000000000001;0.361;0.46599999999999997;0.35;0.481;0.32899999999999996;0.32399999999999995;0.28300000000000003;0.503;0.49;0.5529999999999999;0.6839999999999999;0.591;0.7090000000000001;0.63;0.7070000000000001;0.349;0.385;0.617;0.385;0.31200000000000006;0.712;0.6759999999999999;0.556;0.502;0.683;0.369;0.354;0.35;0.358;0.38;0.515;0.33699999999999997;0.503;0.46299999999999997;0.369;0.487;0.33299999999999996;0.508;0.488;0.31299999999999994;0.362;0.32799999999999996;0.524;0.355;0.354;0.477;0.355;0.22499999999999998;0.31599999999999995;0.279;0.6699999999999999;0.675;0.32999999999999996;0.653;0.391;0.33099999999999996;0.36;0.497;0.244;0.34199999999999997;0.28800000000000003;0.41400000000000003;0.277;0.32599999999999996;0.514;0.387;0.484;0.33299999999999996;0.492;0.345;0.719;0.30300000000000005;0.6699999999999999;0.351;0.46499999999999997;0.495;0.42900000000000005
0.725;0.627;0.8280000000000001;0.628;0.6719999999999999;0.625;0.6639999999999999;0.6659999999999999;0.7150000000000001;0.0;0.87;0.849;0.621;0.544;0.704;0.616;0.631;0.53;0.45699999999999996;0.597;0.45299999999999996;0.603;0.45799999999999996;0.475;0.369;0.491;0.636;0.43999999999999995;0.753;0.72;0.43100000000000005;0.46099999999999997;0.43799999999999994;0.589;0.32099999999999995;0.623;0.616;0.565;0.573;0.5780000000000001;0.45299999999999996;0.595;0.594;0.579;0.6679999999999999;0.681;0.677;0.554;0.509;0.565;0.62;0.63;0.44699999999999995;0.5920000000000001;0.5569999999999999;0.548;0.476;0.611;0.635;0.6;0.5589999999999999;0.45699999999999996;0.5900000000000001;0.404;0.694;0.762;0.646;0.5740000000000001;0.721;0.519;0.569;0.45699999999999996;0.656;0.631;0.573;0.732;0.764;0.61;0.405;0.633;0.486;0.625;0.483;0.6679999999999999;0.42300000000000004;0.569;0.552
0.365;0.32899999999999996;0.385;0.44099999999999995;0.44099999999999995;0.39;0.37;0.405;0.361;0.87;0.0;0.383;0.399;0.608;0.29800000000000004;0.377;0.42100000000000004;0.638;0.608;0.647;0.909;0.6619999999999999;0.878;0.857;0.854;0.402;0.42300000000000004;0.872;0.396;0.30800000000000005;0.841;0.794;0.865;0.612;0.858;0.41700000000000004;0.402;0.30000000000000004;0.30800000000000005;0.32899999999999996;0.663;0.399;0.639;0.624;0.43799999999999994;0.46299999999999997;0.41700000000000004;0.623;0.612;0.42600000000000005;0.45999999999999996;0.389;0.634;0.401;0.29900000000000004;0.611;0.40700000000000003;0.392;0.41000000000000003;0.567;0.863;0.85;0.397;0.847;0.32299999999999995;0.41100000000000003;0.31999999999999995;0.621;0.31999999999999995;0.388;0.349;0.599;0.406;0.385;0.635;0.482;0.472;0.42400000000000004;0.589;0.392;0.849;0.31999999999999995;0.848;0.41100000000000003;0.542;0.639;0.617
0.46299999999999997;0.45799999999999996;0.383;0.5529999999999999;0.506;0.472;0.5589999999999999;0.525;0.46599999999999997;0.849;0.383;0.0;0.45899999999999996;0.6859999999999999;0.46599999999999997;0.42400000000000004;0.567;0.659;0.687;0.627;0.844;0.7150000000000001;0.837;0.832;0.8280000000000001;0.475;0.501;0.827;0.372;0.42100000000000004;0.831;0.859;0.836;0.649;0.8280000000000001;0.46799999999999997;0.473;0.42100000000000004;0.45599999999999996;0.5549999999999999;0.687;0.44099999999999995;0.725;0.673;0.478;0.526;0.44899999999999995;0.637;0.6859999999999999;0.474;0.5660000000000001;0.385;0.698;0.44199999999999995;0.46299999999999997;0.661;0.47;0.45799999999999996;0.484;0.5529999999999999;0.8089999999999999;0.835;0.46399999999999997;0.812;0.45799999999999996;0.46599999999999997;0.493;0.7050000000000001;0.472;0.529;0.42600000000000005;0.692;0.41900000000000004;0.45899999999999996;0.665;0.6;0.46099999999999997;0.48;0.6599999999999999;0.45299999999999996;0.856;0.481;0.8160000000000001;0.477;0.669;0.7030000000000001;0.628
0.399;0.42700000000000005;0.45199999999999996;0.43600000000000005;0.43000000000000005;0.42400000000000004;0.44799999999999995;0.372;0.35;0.621;0.399;0.45899999999999996;0.0;0.562;0.379;0.401;0.44099999999999995;0.43100000000000005;0.5369999999999999;0.5700000000000001;0.727;0.587;0.679;0.661;0.628;0.23199999999999998;0.44799999999999995;0.663;0.41900000000000004;0.374;0.712;0.729;0.609;0.569;0.598;0.42400000000000004;0.34199999999999997;0.349;0.41700000000000004;0.43700000000000006;0.53;0.363;0.581;0.5509999999999999;0.42500000000000004;0.43500000000000005;0.42900000000000005;0.5389999999999999;0.558;0.42300000000000004;0.44399999999999995;0.237;0.544;0.32399999999999995;0.365;0.492;0.43600000000000005;0.352;0.43200000000000005;0.30300000000000005;0.639;0.6639999999999999;0.43500000000000005;0.6619999999999999;0.369;0.363;0.45199999999999996;0.5800000000000001;0.361;0.42500000000000004;0.406;0.548;0.33199999999999996;0.375;0.544;0.42000000000000004;0.474;0.42800000000000005;0.5640000000000001;0.361;0.7050000000000001;0.43600000000000005;0.675;0.42100000000000004;0.5569999999999999;0.5860000000000001;0.476
0.5529999999999999;0.45899999999999996;0.741;0.42900000000000005;0.5589999999999999;0.477;0.527;0.536;0.481;0.544;0.608;0.6859999999999999;0.562;0.0;0.5349999999999999;0.498;0.472;0.44999999999999996;0.398;0.365;0.43600000000000005;0.44999999999999996;0.5609999999999999;0.503;0.52;0.376;0.486;0.546;0.5549999999999999;0.5329999999999999;0.394;0.394;0.43000000000000005;0.372;0.509;0.45899999999999996;0.46799999999999997;0.42300000000000004;0.41300000000000003;0.395;0.41700000000000004;0.474;0.42100000000000004;0.386;0.5569999999999999;0.579;0.501;0.392;0.42500000000000004;0.398;0.491;0.511;0.46099999999999997;0.45899999999999996;0.41100000000000003;0.372;0.396;0.45399999999999996;0.507;0.31899999999999995;0.502;0.558;0.33799999999999997;0.43600000000000005;0.56;0.5900000000000001;0.526;0.41000000000000003;0.499;0.371;0.32099999999999995;0.389;0.42300000000000004;0.44599999999999995;0.42700000000000005;0.5389999999999999;0.636;0.487;0.404;0.43000000000000005;0.583;0.565;0.5369999999999999;0.514;0.356;0.43500000000000005;0.271
0.347;0.405;0.5509999999999999;0.45199999999999996;0.471;0.384;0.44099999999999995;0.347;0.32899999999999996;0.704;0.29800000000000004;0.46599999999999997;0.379;0.5349999999999999;0.0;0.42300000000000004;0.42700000000000005;0.554;0.608;0.5740000000000001;0.722;0.5780000000000001;0.6839999999999999;0.654;0.681;0.44199999999999995;0.485;0.6699999999999999;0.41100000000000003;0.374;0.663;0.6990000000000001;0.594;0.567;0.683;0.43999999999999995;0.42900000000000005;0.42500000000000004;0.44699999999999995;0.42100000000000004;0.575;0.367;0.5800000000000001;0.5569999999999999;0.44199999999999995;0.481;0.43999999999999995;0.548;0.5780000000000001;0.363;0.44999999999999996;0.41600000000000004;0.45399999999999996;0.34099999999999997;0.43400000000000005;0.478;0.398;0.358;0.29000000000000004;0.31399999999999995;0.648;0.646;0.42000000000000004;0.647;0.393;0.394;0.43100000000000005;0.43500000000000005;0.33299999999999996;0.483;0.374;0.5349999999999999;0.385;0.32299999999999995;0.5820000000000001;0.41900000000000004;0.496;0.401;0.49;0.41300000000000003;0.743;0.42500000000000004;0.5880000000000001;0.43400000000000005;0.5389999999999999;0.5740000000000001;0.479
0.41600000000000004;0.31399999999999995;0.581;0.4;0.44899999999999995;0.33099999999999996;0.388;0.402;0.32399999999999995;0.616;0.377;0.42400000000000004;0.401;0.498;0.42300000000000004;0.0;0.392;0.491;0.477;0.45399999999999996;0.502;0.531;0.594;0.5780000000000001;0.583;0.33599999999999997;0.41000000000000003;0.577;0.42000000000000004;0.348;0.499;0.536;0.402;0.45699999999999996;0.581;0.29900000000000004;0.34299999999999997;0.35;0.364;0.43799999999999994;0.5509999999999999;0.32399999999999995;0.573;0.44999999999999996;0.39;0.45799999999999996;0.377;0.371;0.44899999999999995;0.366;0.4;0.377;0.5329999999999999;0.33799999999999997;0.373;0.33499999999999996;0.41800000000000004;0.30700000000000005;0.385;0.276;0.563;0.646;0.38;0.5569999999999999;0.277;0.46399999999999997;0.344;0.46599999999999997;0.34199999999999997;0.33199999999999996;0.344;0.469;0.28700000000000003;0.33599999999999997;0.44899999999999995;0.393;0.5389999999999999;0.32899999999999996;0.525;0.32399999999999995;0.62;0.37;0.63;0.281;0.498;0.511;0.32999999999999996
0.46599999999999997;0.385;0.622;0.41000000000000003;0.502;0.41600000000000004;0.42200000000000004;0.43200000000000005;0.28300000000000003;0.631;0.42100000000000004;0.567;0.44099999999999995;0.472;0.42700000000000005;0.392;0.0;0.45399999999999996;0.42900000000000005;0.548;0.577;0.5389999999999999;0.623;0.562;0.602;0.389;0.42300000000000004;0.587;0.492;0.45899999999999996;0.5349999999999999;0.532;0.398;0.46799999999999997;0.609;0.46699999999999997;0.364;0.393;0.41100000000000003;0.384;0.516;0.41900000000000004;0.53;0.493;0.486;0.496;0.392;0.45699999999999996;0.498;0.395;0.362;0.391;0.477;0.41200000000000003;0.41500000000000004;0.355;0.42300000000000004;0.30400000000000005;0.43100000000000005;0.29500000000000004;0.638;0.635;0.44899999999999995;0.5860000000000001;0.43999999999999995;0.51;0.43300000000000005;0.512;0.353;0.41700000000000004;0.43000000000000005;0.44199999999999995;0.36;0.403;0.515;0.43100000000000005;0.5469999999999999;0.399;0.495;0.404;0.64;0.40800000000000003;0.651;0.45699999999999996;0.498;0.524;0.32899999999999996
0.5860000000000001;0.45099999999999996;0.651;0.44799999999999995;0.502;0.45199999999999996;0.45899999999999996;0.49;0.503;0.53;0.638;0.659;0.43100000000000005;0.44999999999999996;0.554;0.491;0.45399999999999996;0.0;0.41200000000000003;0.522;0.573;0.529;0.624;0.601;0.579;0.36;0.47;0.5780000000000001;0.534;0.525;0.603;0.5920000000000001;0.44199999999999995;0.42600000000000005;0.531;0.49;0.42900000000000005;0.43700000000000006;0.5;0.44099999999999995;0.42000000000000004;0.42800000000000005;0.477;0.42400000000000004;0.506;0.498;0.45099999999999996;0.43200000000000005;0.43999999999999995;0.43100000000000005;0.43799999999999994;0.37;0.44999999999999996;0.41000000000000003;0.508;0.44099999999999995;0.529;0.42600000000000005;0.44999999999999996;0.31599999999999995;0.5920000000000001;0.594;0.44299999999999995;0.583;0.5700000000000001;0.556;0.45499999999999996;0.473;0.512;0.52;0.478;0.42700000000000005;0.41400000000000003;0.45599999999999996;0.493;0.558;0.606;0.517;0.513;0.45699999999999996;0.647;0.513;0.62;0.44799999999999995;0.45499999999999996;0.521;0.403
0.569;0.496;0.729;0.483;0.5589999999999999;0.44899999999999995;0.554;0.538;0.49;0.45699999999999996;0.608;0.687;0.5369999999999999;0.398;0.608;0.477;0.42900000000000005;0.41200000000000003;0.0;0.45999999999999996;0.44099999999999995;0.44499999999999995;0.43899999999999995;0.43300000000000005;0.44899999999999995;0.492;0.509;0.404;0.573;0.522;0.43400000000000005;0.45799999999999996;0.45499999999999996;0.38;0.38;0.528;0.43500000000000005;0.483;0.496;0.49;0.403;0.5429999999999999;0.402;0.33799999999999997;0.536;0.648;0.496;0.395;0.404;0.5;0.565;0.5640000000000001;0.396;0.546;0.488;0.40900000000000003;0.41600000000000004;0.472;0.5509999999999999;0.30200000000000005;0.45099999999999996;0.5329999999999999;0.501;0.371;0.5429999999999999;0.587;0.505;0.396;0.502;0.503;0.482;0.395;0.41700000000000004;0.496;0.376;0.538;0.626;0.5;0.401;0.518;0.45099999999999996;0.53;0.49;0.5529999999999999;0.42700000000000005;0.40800000000000003;0.32899999999999996
0.5389999999999999;0.488;0.762;0.5720000000000001;0.542;0.485;0.526;0.5609999999999999;0.5529999999999999;0.597;0.647;0.627;0.5700000000000001;0.365;0.5740000000000001;0.45399999999999996;0.548;0.522;0.45999999999999996;0.0;0.471;0.45799999999999996;0.5720000000000001;0.5760000000000001;0.521;0.43999999999999995;0.523;0.5660000000000001;0.611;0.518;0.403;0.43999999999999995;0.43999999999999995;0.382;0.51;0.401;0.492;0.44999999999999996;0.45299999999999996;0.48;0.476;0.5329999999999999;0.43700000000000006;0.44099999999999995;0.523;0.601;0.581;0.384;0.41000000000000003;0.477;0.47;0.558;0.47;0.492;0.475;0.378;0.349;0.5469999999999999;0.536;0.33699999999999997;0.495;0.5660000000000001;0.472;0.515;0.567;0.598;0.562;0.43600000000000005;0.5549999999999999;0.44899999999999995;0.45999999999999996;0.44799999999999995;0.46499999999999997;0.481;0.41700000000000004;0.565;0.639;0.548;0.44999999999999996;0.512;0.597;0.53;0.548;0.532;0.487;0.45899999999999996;0.364
0.722;0.5780000000000001;0.869;0.606;0.5920000000000001;0.522;0.536;0.719;0.6839999999999999;0.45299999999999996;0.909;0.844;0.727;0.43600000000000005;0.722;0.502;0.577;0.573;0.44099999999999995;0.471;0.0;0.45299999999999996;0.44399999999999995;0.399;0.43600000000000005;0.43999999999999995;0.594;0.35;0.7030000000000001;0.714;0.45399999999999996;0.476;0.524;0.33699999999999997;0.43500000000000005;0.532;0.5900000000000001;0.43700000000000006;0.45699999999999996;0.45499999999999996;0.45799999999999996;0.527;0.46499999999999997;0.42900000000000005;0.595;0.739;0.492;0.43100000000000005;0.43600000000000005;0.43899999999999995;0.511;0.5780000000000001;0.43700000000000006;0.536;0.46199999999999997;0.5589999999999999;0.44399999999999995;0.5820000000000001;0.595;0.5880000000000001;0.43799999999999994;0.45299999999999996;0.45699999999999996;0.34299999999999997;0.7030000000000001;0.7010000000000001;0.5920000000000001;0.45999999999999996;0.698;0.44899999999999995;0.43300000000000005;0.398;0.41600000000000004;0.538;0.45099999999999996;0.712;0.742;0.599;0.45199999999999996;0.602;0.46599999999999997;0.509;0.43899999999999995;0.577;0.43799999999999994;0.45999999999999996;0.482
0.641;0.5469999999999999;0.765;0.5509999999999999;0.542;0.5549999999999999;0.6;0.5740000000000001;0.591;0.603;0.6619999999999999;0.7150000000000001;0.587;0.44999999999999996;0.5780000000000001;0.531;0.5389999999999999;0.529;0.44499999999999995;0.45799999999999996;0.45299999999999996;0.0;0.587;0.5529999999999999;0.529;0.44699999999999995;0.563;0.562;0.636;0.625;0.41200000000000003;0.41000000000000003;0.46099999999999997;0.45499999999999996;0.469;0.5;0.548;0.41900000000000004;0.5;0.488;0.474;0.491;0.507;0.44199999999999995;0.514;0.5920000000000001;0.5509999999999999;0.43600000000000005;0.394;0.474;0.44299999999999995;0.5760000000000001;0.394;0.542;0.515;0.365;0.43100000000000005;0.536;0.5349999999999999;0.46099999999999997;0.46299999999999997;0.577;0.497;0.512;0.6;0.626;0.5549999999999999;0.44099999999999995;0.601;0.45599999999999996;0.42100000000000004;0.43500000000000005;0.52;0.524;0.45899999999999996;0.638;0.671;0.519;0.42900000000000005;0.544;0.61;0.501;0.563;0.538;0.43600000000000005;0.511;0.401
0.725;0.5920000000000001;0.852;0.625;0.652;0.554;0.603;0.647;0.7090000000000001;0.45799999999999996;0.878;0.837;0.679;0.5609999999999999;0.6839999999999999;0.594;0.623;0.624;0.43899999999999995;0.5720000000000001;0.44399999999999995;0.587;0.0;0.45099999999999996;0.405;0.567;0.5609999999999999;0.43300000000000005;0.745;0.729;0.19099999999999995;0.44099999999999995;0.395;0.517;0.41000000000000003;0.644;0.61;0.5609999999999999;0.5509999999999999;0.5409999999999999;0.44699999999999995;0.603;0.575;0.5509999999999999;0.609;0.69;0.61;0.5;0.5700000000000001;0.5640000000000001;0.656;0.62;0.46099999999999997;0.656;0.5329999999999999;0.544;0.39;0.649;0.618;0.573;0.477;0.45999999999999996;0.573;0.374;0.687;0.747;0.637;0.514;0.7030000000000001;0.33699999999999997;0.503;0.43500000000000005;0.604;0.627;0.505;0.733;0.763;0.623;0.42800000000000005;0.644;0.364;0.577;0.384;0.6;0.372;0.512;0.54
0.7050000000000001;0.606;0.849;0.617;0.636;0.605;0.626;0.6579999999999999;0.63;0.475;0.857;0.832;0.661;0.503;0.654;0.5780000000000001;0.562;0.601;0.43300000000000005;0.5760000000000001;0.399;0.5529999999999999;0.45099999999999996;0.0;0.381;0.5589999999999999;0.624;0.41600000000000004;0.7170000000000001;0.7010000000000001;0.44499999999999995;0.44899999999999995;0.46299999999999997;0.45999999999999996;0.372;0.6;0.6;0.546;0.5640000000000001;0.534;0.394;0.626;0.556;0.528;0.669;0.6890000000000001;0.601;0.5369999999999999;0.5349999999999999;0.522;0.577;0.651;0.373;0.606;0.562;0.46599999999999997;0.403;0.5489999999999999;0.579;0.565;0.524;0.43000000000000005;0.512;0.361;0.65;0.725;0.622;0.485;0.6819999999999999;0.554;0.54;0.378;0.565;0.5900000000000001;0.562;0.72;0.775;0.6;0.43799999999999994;0.599;0.474;0.56;0.41100000000000003;0.612;0.362;0.5549999999999999;0.525
0.6990000000000001;0.598;0.827;0.613;0.6659999999999999;0.601;0.645;0.6619999999999999;0.7070000000000001;0.369;0.854;0.8280000000000001;0.628;0.52;0.681;0.583;0.602;0.579;0.44899999999999995;0.521;0.43600000000000005;0.529;0.405;0.381;0.0;0.513;0.62;0.43700000000000006;0.735;0.704;0.381;0.376;0.42900000000000005;0.52;0.267;0.6679999999999999;0.591;0.5820000000000001;0.5880000000000001;0.5900000000000001;0.511;0.646;0.5509999999999999;0.5509999999999999;0.653;0.648;0.6599999999999999;0.5469999999999999;0.554;0.5880000000000001;0.608;0.635;0.5409999999999999;0.616;0.589;0.495;0.512;0.605;0.6579999999999999;0.5680000000000001;0.48;0.43500000000000005;0.608;0.354;0.667;0.727;0.62;0.5589999999999999;0.685;0.562;0.554;0.41300000000000003;0.594;0.616;0.554;0.73;0.76;0.613;0.497;0.639;0.469;0.638;0.43100000000000005;0.6619999999999999;0.387;0.569;0.472
0.44899999999999995;0.41000000000000003;0.5549999999999999;0.42400000000000004;0.403;0.403;0.45799999999999996;0.42500000000000004;0.349;0.491;0.402;0.475;0.23199999999999998;0.376;0.44199999999999995;0.33599999999999997;0.389;0.36;0.492;0.43999999999999995;0.43999999999999995;0.44699999999999995;0.567;0.5589999999999999;0.513;0.0;0.42000000000000004;0.486;0.43999999999999995;0.372;0.401;0.41800000000000004;0.43500000000000005;0.365;0.34199999999999997;0.42200000000000004;0.375;0.382;0.42100000000000004;0.43400000000000005;0.504;0.356;0.43000000000000005;0.403;0.43200000000000005;0.41700000000000004;0.45299999999999996;0.397;0.396;0.378;0.40900000000000003;0.33799999999999997;0.5549999999999999;0.374;0.385;0.374;0.394;0.393;0.395;0.29800000000000004;0.479;0.583;0.43700000000000006;0.507;0.348;0.46299999999999997;0.379;0.43999999999999995;0.368;0.39;0.41100000000000003;0.474;0.31999999999999995;0.352;0.402;0.43799999999999994;0.5469999999999999;0.33499999999999996;0.48;0.41700000000000004;0.589;0.396;0.616;0.403;0.484;0.42900000000000005;0.33799999999999997
0.46099999999999997;0.403;0.635;0.42500000000000004;0.502;0.274;0.396;0.482;0.385;0.636;0.42300000000000004;0.501;0.44799999999999995;0.486;0.485;0.41000000000000003;0.42300000000000004;0.47;0.509;0.523;0.594;0.563;0.5609999999999999;0.624;0.62;0.42000000000000004;0.0;0.618;0.507;0.399;0.46299999999999997;0.534;0.45599999999999996;0.486;0.615;0.481;0.41600000000000004;0.42000000000000004;0.44899999999999995;0.387;0.51;0.40800000000000003;0.538;0.519;0.473;0.46699999999999997;0.474;0.506;0.521;0.42500000000000004;0.42300000000000004;0.41300000000000003;0.575;0.352;0.392;0.374;0.41200000000000003;0.42400000000000004;0.44599999999999995;0.272;0.591;0.6599999999999999;0.475;0.596;0.45499999999999996;0.556;0.393;0.567;0.384;0.344;0.44799999999999995;0.516;0.41600000000000004;0.42100000000000004;0.516;0.507;0.5369999999999999;0.41700000000000004;0.487;0.41600000000000004;0.554;0.46699999999999997;0.6599999999999999;0.492;0.498;0.469;0.37
0.738;0.607;0.852;0.599;0.652;0.599;0.616;0.6779999999999999;0.617;0.43999999999999995;0.872;0.827;0.663;0.546;0.6699999999999999;0.577;0.587;0.5780000000000001;0.404;0.5660000000000001;0.35;0.562;0.43300000000000005;0.41600000000000004;0.43700000000000006;0.486;0.618;0.0;0.722;0.7170000000000001;0.41900000000000004;0.46599999999999997;0.41900000000000004;0.43799999999999994;0.42500000000000004;0.581;0.608;0.532;0.5489999999999999;0.503;0.43700000000000006;0.603;0.569;0.528;0.599;0.726;0.5469999999999999;0.531;0.538;0.5389999999999999;0.579;0.593;0.44099999999999995;0.634;0.556;0.493;0.45199999999999996;0.573;0.617;0.571;0.523;0.44099999999999995;0.516;0.351;0.6719999999999999;0.773;0.62;0.522;0.685;0.536;0.538;0.4;0.48;0.618;0.5429999999999999;0.7130000000000001;0.752;0.5820000000000001;0.43899999999999995;0.611;0.46099999999999997;0.5860000000000001;0.45699999999999996;0.604;0.43600000000000005;0.5589999999999999;0.44999999999999996
0.371;0.43500000000000005;0.49;0.44999999999999996;0.504;0.43400000000000005;0.515;0.481;0.385;0.753;0.396;0.372;0.41900000000000004;0.5549999999999999;0.41100000000000003;0.42000000000000004;0.492;0.534;0.573;0.611;0.7030000000000001;0.636;0.745;0.7170000000000001;0.735;0.43999999999999995;0.507;0.722;0.0;0.33799999999999997;0.6839999999999999;0.7;0.594;0.583;0.722;0.484;0.496;0.41900000000000004;0.483;0.477;0.591;0.41600000000000004;0.618;0.589;0.477;0.46499999999999997;0.42500000000000004;0.614;0.595;0.544;0.508;0.372;0.65;0.43300000000000005;0.482;0.48;0.472;0.45899999999999996;0.43600000000000005;0.30300000000000005;0.702;0.748;0.362;0.6930000000000001;0.357;0.44199999999999995;0.45999999999999996;0.602;0.347;0.43500000000000005;0.366;0.585;0.44799999999999995;0.41600000000000004;0.589;0.46799999999999997;0.43700000000000006;0.43899999999999995;0.596;0.391;0.766;0.475;0.721;0.45099999999999996;0.606;0.626;0.406
0.39;0.368;0.492;0.44199999999999995;0.469;0.367;0.477;0.391;0.31200000000000006;0.72;0.30800000000000005;0.42100000000000004;0.374;0.5329999999999999;0.374;0.348;0.45899999999999996;0.525;0.522;0.518;0.714;0.625;0.729;0.7010000000000001;0.704;0.372;0.399;0.7170000000000001;0.33799999999999997;0.0;0.6950000000000001;0.7070000000000001;0.631;0.515;0.692;0.367;0.382;0.239;0.376;0.393;0.526;0.35;0.552;0.5349999999999999;0.44999999999999996;0.41700000000000004;0.364;0.526;0.527;0.362;0.46099999999999997;0.365;0.596;0.375;0.367;0.504;0.377;0.372;0.361;0.31100000000000005;0.702;0.728;0.364;0.6950000000000001;0.377;0.369;0.391;0.526;0.38;0.44199999999999995;0.352;0.5349999999999999;0.33599999999999997;0.364;0.521;0.42800000000000005;0.42100000000000004;0.394;0.512;0.361;0.726;0.365;0.6930000000000001;0.374;0.513;0.523;0.502
0.728;0.493;0.867;0.531;0.5920000000000001;0.43400000000000005;0.5700000000000001;0.628;0.712;0.43100000000000005;0.841;0.831;0.712;0.394;0.663;0.499;0.5349999999999999;0.603;0.43400000000000005;0.403;0.45399999999999996;0.41200000000000003;0.19099999999999995;0.44499999999999995;0.381;0.401;0.46299999999999997;0.41900000000000004;0.6839999999999999;0.6950000000000001;0.0;0.4;0.42300000000000004;0.4;0.389;0.542;0.526;0.42800000000000005;0.43300000000000005;0.42900000000000005;0.43500000000000005;0.5680000000000001;0.471;0.44999999999999996;0.565;0.659;0.536;0.43000000000000005;0.44899999999999995;0.44199999999999995;0.54;0.61;0.44899999999999995;0.515;0.394;0.5;0.42500000000000004;0.527;0.579;0.5609999999999999;0.41900000000000004;0.45299999999999996;0.46199999999999997;0.349;0.663;0.763;0.5;0.44499999999999995;0.6839999999999999;0.20099999999999996;0.43100000000000005;0.42400000000000004;0.501;0.517;0.44099999999999995;0.751;0.714;0.5369999999999999;0.41600000000000004;0.522;0.29700000000000004;0.5780000000000001;0.43300000000000005;0.5760000000000001;0.358;0.362;0.498
0.6739999999999999;0.45699999999999996;0.863;0.5529999999999999;0.625;0.531;0.469;0.7;0.6759999999999999;0.46099999999999997;0.794;0.859;0.729;0.394;0.6990000000000001;0.536;0.532;0.5920000000000001;0.45799999999999996;0.43999999999999995;0.476;0.41000000000000003;0.44099999999999995;0.44899999999999995;0.376;0.41800000000000004;0.534;0.46599999999999997;0.7;0.7070000000000001;0.4;0.0;0.43799999999999994;0.41400000000000003;0.396;0.587;0.522;0.46499999999999997;0.49;0.24;0.45999999999999996;0.569;0.44699999999999995;0.46699999999999997;0.609;0.753;0.603;0.45399999999999996;0.47;0.44699999999999995;0.5549999999999999;0.5800000000000001;0.45099999999999996;0.526;0.45599999999999996;0.522;0.44599999999999995;0.54;0.591;0.556;0.45899999999999996;0.45599999999999996;0.46499999999999997;0.395;0.729;0.754;0.525;0.44299999999999995;0.638;0.386;0.45299999999999996;0.42400000000000004;0.54;0.511;0.478;0.748;0.751;0.562;0.44599999999999995;0.526;0.46399999999999997;0.5780000000000001;0.43300000000000005;0.605;0.263;0.44699999999999995;0.506
0.626;0.397;0.876;0.41200000000000003;0.42700000000000005;0.42800000000000005;0.41500000000000004;0.619;0.556;0.43799999999999994;0.865;0.836;0.609;0.43000000000000005;0.594;0.402;0.398;0.44199999999999995;0.45499999999999996;0.43999999999999995;0.524;0.46099999999999997;0.395;0.46299999999999997;0.42900000000000005;0.43500000000000005;0.45599999999999996;0.41900000000000004;0.594;0.631;0.42300000000000004;0.43799999999999994;0.0;0.43000000000000005;0.405;0.41800000000000004;0.43700000000000006;0.505;0.519;0.516;0.492;0.44699999999999995;0.41200000000000003;0.52;0.43700000000000006;0.638;0.517;0.488;0.42200000000000004;0.475;0.41900000000000004;0.42400000000000004;0.30800000000000005;0.354;0.513;0.376;0.518;0.4;0.404;0.613;0.387;0.33499999999999996;0.43700000000000006;0.402;0.614;0.605;0.43400000000000005;0.496;0.607;0.41900000000000004;0.40700000000000003;0.471;0.30100000000000005;0.404;0.395;0.641;0.629;0.401;0.487;0.31599999999999995;0.5389999999999999;0.4;0.47;0.494;0.484;0.5409999999999999;0.33199999999999996
0.593;0.521;0.723;0.43500000000000005;0.5760000000000001;0.45999999999999996;0.518;0.5740000000000001;0.502;0.589;0.612;0.649;0.569;0.372;0.567;0.45699999999999996;0.46799999999999997;0.42600000000000005;0.38;0.382;0.33699999999999997;0.45499999999999996;0.517;0.45999999999999996;0.52;0.365;0.486;0.43799999999999994;0.583;0.515;0.4;0.41400000000000003;0.43000000000000005;0.0;0.471;0.474;0.524;0.376;0.41100000000000003;0.41500000000000004;0.35;0.472;0.44699999999999995;0.399;0.517;0.599;0.43999999999999995;0.406;0.404;0.40700000000000003;0.474;0.495;0.47;0.479;0.41700000000000004;0.381;0.42600000000000005;0.45099999999999996;0.5349999999999999;0.30500000000000005;0.503;0.516;0.41800000000000004;0.36;0.565;0.603;0.5509999999999999;0.43500000000000005;0.516;0.362;0.394;0.396;0.38;0.476;0.393;0.556;0.628;0.48;0.364;0.471;0.5860000000000001;0.5;0.5900000000000001;0.518;0.371;0.41900000000000004;0.34099999999999997
0.723;0.5860000000000001;0.787;0.61;0.65;0.608;0.646;0.673;0.683;0.32099999999999995;0.858;0.8280000000000001;0.598;0.509;0.683;0.581;0.609;0.531;0.38;0.51;0.43500000000000005;0.469;0.41000000000000003;0.372;0.267;0.34199999999999997;0.615;0.42500000000000004;0.722;0.692;0.389;0.396;0.405;0.471;0.0;0.5860000000000001;0.5640000000000001;0.485;0.5509999999999999;0.493;0.381;0.513;0.562;0.515;0.597;0.633;0.657;0.527;0.529;0.534;0.571;0.5349999999999999;0.44099999999999995;0.5609999999999999;0.563;0.484;0.406;0.587;0.607;0.5549999999999999;0.528;0.378;0.5609999999999999;0.34299999999999997;0.685;0.714;0.616;0.527;0.677;0.515;0.491;0.383;0.5720000000000001;0.605;0.536;0.732;0.762;0.583;0.39;0.611;0.46399999999999997;0.644;0.406;0.609;0.406;0.5609999999999999;0.46599999999999997
0.43899999999999995;0.40800000000000003;0.646;0.471;0.41500000000000004;0.4;0.45199999999999996;0.43999999999999995;0.369;0.623;0.41700000000000004;0.46799999999999997;0.42400000000000004;0.45899999999999996;0.43999999999999995;0.29900000000000004;0.46699999999999997;0.49;0.528;0.401;0.532;0.5;0.644;0.6;0.6679999999999999;0.42200000000000004;0.481;0.581;0.484;0.367;0.542;0.587;0.41800000000000004;0.474;0.5860000000000001;0.0;0.45299999999999996;0.41600000000000004;0.41800000000000004;0.49;0.5680000000000001;0.376;0.49;0.491;0.39;0.544;0.475;0.43300000000000005;0.469;0.42600000000000005;0.46699999999999997;0.46099999999999997;0.562;0.41500000000000004;0.43799999999999994;0.42700000000000005;0.40700000000000003;0.397;0.388;0.30900000000000005;0.542;0.6659999999999999;0.42400000000000004;0.589;0.399;0.33299999999999996;0.41800000000000004;0.483;0.46199999999999997;0.44699999999999995;0.406;0.591;0.38;0.393;0.45499999999999996;0.483;0.5389999999999999;0.406;0.5349999999999999;0.44499999999999995;0.653;0.4;0.661;0.381;0.593;0.491;0.41600000000000004
0.38;0.33699999999999997;0.581;0.42900000000000005;0.41400000000000003;0.356;0.41100000000000003;0.41900000000000004;0.354;0.616;0.402;0.473;0.34199999999999997;0.46799999999999997;0.42900000000000005;0.34299999999999997;0.364;0.42900000000000005;0.43500000000000005;0.492;0.5900000000000001;0.548;0.61;0.6;0.591;0.375;0.41600000000000004;0.608;0.496;0.382;0.526;0.522;0.43700000000000006;0.524;0.5640000000000001;0.45299999999999996;0.0;0.383;0.402;0.403;0.504;0.29000000000000004;0.532;0.5;0.401;0.373;0.398;0.504;0.52;0.33499999999999996;0.373;0.368;0.569;0.30300000000000005;0.396;0.386;0.41000000000000003;0.347;0.392;0.31299999999999994;0.614;0.646;0.398;0.609;0.42700000000000005;0.469;0.367;0.507;0.36;0.345;0.376;0.507;0.33099999999999996;0.32699999999999996;0.51;0.43799999999999994;0.546;0.352;0.506;0.347;0.628;0.401;0.651;0.41500000000000004;0.516;0.52;0.356
0.369;0.36;0.6679999999999999;0.40700000000000003;0.45199999999999996;0.377;0.474;0.41500000000000004;0.35;0.565;0.30000000000000004;0.42100000000000004;0.349;0.42300000000000004;0.42500000000000004;0.35;0.393;0.43700000000000006;0.483;0.44999999999999996;0.43700000000000006;0.41900000000000004;0.5609999999999999;0.546;0.5820000000000001;0.382;0.42000000000000004;0.532;0.41900000000000004;0.239;0.42800000000000005;0.46499999999999997;0.505;0.376;0.485;0.41600000000000004;0.383;0.0;0.369;0.42800000000000005;0.502;0.45199999999999996;0.42400000000000004;0.406;0.392;0.46699999999999997;0.43300000000000005;0.397;0.389;0.36;0.391;0.45099999999999996;0.5;0.44499999999999995;0.374;0.32399999999999995;0.377;0.377;0.374;0.29200000000000004;0.45099999999999996;0.5609999999999999;0.369;0.46099999999999997;0.42200000000000004;0.44999999999999996;0.403;0.404;0.268;0.362;0.355;0.508;0.34199999999999997;0.373;0.404;0.41200000000000003;0.5329999999999999;0.364;0.489;0.43000000000000005;0.521;0.42800000000000005;0.585;0.45299999999999996;0.511;0.42000000000000004;0.356
0.381;0.381;0.5840000000000001;0.403;0.383;0.383;0.45499999999999996;0.43000000000000005;0.358;0.573;0.30800000000000005;0.45599999999999996;0.41700000000000004;0.41300000000000003;0.44699999999999995;0.364;0.41100000000000003;0.5;0.496;0.45299999999999996;0.45699999999999996;0.5;0.5509999999999999;0.5640000000000001;0.5880000000000001;0.42100000000000004;0.44899999999999995;0.5489999999999999;0.483;0.376;0.43300000000000005;0.49;0.519;0.41100000000000003;0.5509999999999999;0.41800000000000004;0.402;0.369;0.0;0.43000000000000005;0.492;0.41300000000000003;0.391;0.41200000000000003;0.42500000000000004;0.46299999999999997;0.393;0.399;0.398;0.377;0.41800000000000004;0.44899999999999995;0.51;0.40700000000000003;0.31200000000000006;0.345;0.363;0.371;0.398;0.28800000000000003;0.469;0.5920000000000001;0.377;0.544;0.42800000000000005;0.43700000000000006;0.42300000000000004;0.42000000000000004;0.363;0.366;0.355;0.477;0.375;0.399;0.363;0.42500000000000004;0.45099999999999996;0.381;0.49;0.393;0.5609999999999999;0.42800000000000005;0.591;0.392;0.534;0.42100000000000004;0.41600000000000004
0.399;0.265;0.657;0.40700000000000003;0.493;0.386;0.32899999999999996;0.47;0.38;0.5780000000000001;0.32899999999999996;0.5549999999999999;0.43700000000000006;0.395;0.42100000000000004;0.43799999999999994;0.384;0.44099999999999995;0.49;0.48;0.45499999999999996;0.488;0.5409999999999999;0.534;0.5900000000000001;0.43400000000000005;0.387;0.503;0.477;0.393;0.42900000000000005;0.24;0.516;0.41500000000000004;0.493;0.49;0.403;0.42800000000000005;0.43000000000000005;0.0;0.516;0.45899999999999996;0.41200000000000003;0.388;0.46799999999999997;0.475;0.399;0.401;0.40900000000000003;0.41900000000000004;0.42700000000000005;0.44899999999999995;0.509;0.46099999999999997;0.40800000000000003;0.351;0.42600000000000005;0.376;0.44799999999999995;0.21199999999999997;0.494;0.5860000000000001;0.42400000000000004;0.5609999999999999;0.44499999999999995;0.51;0.41200000000000003;0.39;0.243;0.41700000000000004;0.399;0.473;0.365;0.381;0.41100000000000003;0.477;0.5429999999999999;0.42300000000000004;0.489;0.44999999999999996;0.5589999999999999;0.45999999999999996;0.5760000000000001;0.469;0.365;0.392;0.31699999999999995
